2 0.41425120772946855 0.4358561460010735 0.21336553945249598 0.1825013419216318
2 0.4066022544283414 0.1991411406277624 0.18840579710144925 0.28234037038161997
2 0.15700483784218305 0.6414385178433392 0.21095006666668098 0.27375205717429896
2 0.27334943639291465 0.4809447128287708 0.13123993558776167 0.24691358024691368
2 0.415056349629641 0.6553945249597417 0.17310786834140757 0.269457863660762
2 0.5958132266666435 0.6838432635534077 0.1996779831239492 0.2619431025228124
1 0.6211755233494364 0.2479871175523349 0.2359098228663445 0.22114868491680081
1 0.6175523349436394 0.45517981749865805 0.2238325281803543 0.21685453569511537
1 0.6980676411594117 0.6473429951690821 0.04991950132043412 0.19108964036500256
2 0.12520129378421335 0.32152443035567335 0.15056359600645255 0.38325280327147626
2 0.2278582930756844 0.31293612453032743 0.0950080515297907 0.30810520665593133
5 0.3019323616103116 0.6747181718507433 0.08212561494362795 0.15566295849926526
5 0.30555554586152356 0.25281803542673076 0.06682771665054357 0.1621041331186256
5 0.2508054036390353 0.6264086830638246 0.1376809406121399 0.23725151811754924
5 0.49677815694167654 0.2399355779190412 0.037037023188419976 0.18786902844873862
