3 0.19524959742351047 0.29039184111647875 0.1570048309178744 0.27804616210413313
3 0.4009661835748793 0.29414922168545354 0.14170692431561996 0.2619431025228126
3 0.6835748833816383 0.24798710278838448 0.20289855903380757 0.18250137144953216
3 0.6819645732689211 0.4541062801932367 0.20772946859903385 0.17391304347826086
3 0.248792270531401 0.6371443907675791 0.2028985507246377 0.1728395061728394
3 0.3538647342995169 0.6274825550187869 0.03301127214170691 0.1578099838969404
3 0.5245571658615137 0.6044015029522276 0.14090177133655388 0.25979602791197
3 0.6863929146537842 0.6333870101986043 0.20370370370370353 0.180354267310789
3 0.249597423510467 0.4605475187897152 0.2028985507246377 0.16747184917363314
3 0.35789049919484706 0.4723564143853999 0.03462157809983893 0.11379495437466453
3 0.5342190071497522 0.2941493274937642 0.12640901771336555 0.24691360485349761
3 0.306360739001579 0.25120772946859865 0.07648959394518749 0.17820719269994614
