5 0.17190016795490448 0.6156736052886176 0.18115940644123796 0.1964574056331771
5 0.16304349626407183 0.2920021249286852 0.17793877236718664 0.18679553543516791
5 0.16143319999997177 0.45517979289207366 0.1811593648953869 0.15029527197215847
2 0.5797101449275363 0.3687600644122383 0.16586151368760063 0.2930756843800322
2 0.5982286634460547 0.39774557165861507 0.1674718196457328 0.2823403113258186
3 0.4476650563607085 0.30810520665593133 0.1465378421900161 0.2726784755770263
1 0.6151368760064413 0.6242619431025228 0.2077294685990337 0.18786902844873857
1 0.4412238172947016 0.5646806226516374 0.17069246202895436 0.2555018786902845
1 0.33735909822866345 0.654320987654321 0.1851851851851852 0.1814278046162105
1 0.31521739130434784 0.3048845947396672 0.14895330112721422 0.29200214707461086
0 0.2946860069565041 0.40418688407484554 0.12077298009658431 0.36392932370524583
