5 0.6050724346860199 0.6516371443907673 0.16183569062807895 0.21041331186258702
5 0.6062801821578215 0.4723564266886918 0.16103061797099197 0.18894254114757592
5 0.6038647453784103 0.28878153515834654 0.1610305736554169 0.19538378958668812
5 0.47101449967793124 0.27804618178940005 0.1626408879227192 0.19967789943783928
5 0.4730273668921181 0.4605475040257647 0.16183576541061112 0.19108964036500256
5 0.46658610705318515 0.6403650346724019 0.15217387426735016 0.19431018830414845
4 0.10144927536231885 0.2973698336017177 0.19162640901771336 0.3413848631239936
4 0.2890499194847021 0.2818035426731079 0.20450885668276972 0.3467525496511004
4 0.10869565217391303 0.6237251744498121 0.178743961352657 0.33064949006977995
4 0.30112720724638414 0.6167471672006226 0.21578098454107714 0.3295759232364579
