5 0.1622383252818035 0.25764895330112725 0.2214170692431562 0.22329575952764358
5 0.22785832354264188 0.5856145853434032 0.2383252208696274 0.286634490075404
5 0.17069259082109325 0.40418681517641014 0.18679552714972159 0.12130971551261391
5 0.6497584541062803 0.6269457863660763 0.1819645732689211 0.2576489533011273
2 0.6795491240257544 0.2587225201344492 0.1513687406763479 0.21470740202847144
2 0.5632045143961295 0.30971552491735527 0.13768114834139583 0.2608695406108075
2 0.3369565217391305 0.3231347289318304 0.1570048309178744 0.25764895330112725
2 0.427536231884058 0.29522275899087497 0.12560386473429952 0.19323671497584546
2 0.3828502512399253 0.6188942393508076 0.1521739324315422 0.25442830693564594
2 0.40821256038647347 0.5963499731615673 0.1561996779388084 0.247987117552335
2 0.5120771825121918 0.5931293612453032 0.1594205142026692 0.18142780461621025
