5 0.16988727858293073 0.27428878153515834 0.1610305958132045 0.24369296833064946
5 0.19041866431563526 0.5083199411842579 0.176328532882416 0.23725179863260532
5 0.2616747126570105 0.6586151565612733 0.12238326389692905 0.19001614243011555
1 0.6553945249597422 0.45303271828123143 0.2608695652173914 0.2297370325733391
2 0.6932367149758454 0.6564680622651637 0.16264090177133653 0.20933977455716588
2 0.4408212560386474 0.27375201288244766 0.15217391304347822 0.2061191626409018
2 0.4613526514653842 0.46645195920558225 0.16747183072462646 0.2028985507246376
2 0.31119162640901776 0.2646269457863661 0.1634460547504026 0.21578099838969408
2 0.30998392325279106 0.46323134728931814 0.15619973056355338 0.2007514761137948
2 0.3933172302737518 0.6575415872672932 0.14734299516908217 0.2007514515072112
2 0.536634460547504 0.6602254428341385 0.16344605475040253 0.2104133118625871
2 0.6396940418679544 0.23617815797953243 0.2616747181964572 0.24261952945156387
