1 0.1574073880193433 0.23886208490547067 0.20531404843796333 0.17928066110693291
1 0.4774557165861513 0.2946859903381642 0.15942028985507256 0.26731078904991945
1 0.6501610305958132 0.2893183038110575 0.2053140096618357 0.18142780461621047
1 0.1626408782286874 0.3853998926462692 0.21095012760059575 0.16747181964573252
1 0.19363929146537834 0.5008051628216996 0.14412238325281804 0.0912506906460828
1 0.6574074074074078 0.46859905842300903 0.22141706924315624 0.19001615227274912
1 0.6384863123993558 0.651100375738057 0.2190016103059582 0.1814278046162103
0 0.6723027375201291 0.5856146197926207 0.16264090177133667 0.3982823796818604
0 0.6505636070853461 0.6720343851823324 0.17713365539452483 0.22114874889391853
0 0.6654588818035991 0.4637681454699296 0.16827697262479874 0.20397211755795985
2 0.45974235104669886 0.5942028985507247 0.14814814814814817 0.28878153515834676
2 0.3256843551046953 0.4884594641240869 0.13446059735904708 0.06011810878886349
2 0.34057974892105536 0.31830321557810526 0.16264098486303913 0.28448857689531903
0 0.3204507416426587 0.2979067695791982 0.16103061243154498 0.2651634979011387
0 0.30998389417069494 0.626945798669368 0.14170692431561988 0.2555019328247689
0 0.43156199677938806 0.6333870101986045 0.13848631239935585 0.25335480407944183
0 0.17069243156199676 0.6425120772946861 0.17713365539452494 0.215780998389694
