0 0.13687600644122383 0.32259796027911974 0.1497584541062802 0.3768115942028986
5 0.16264090177133655 0.6156736446591519 0.1642512077294686 0.18142780461621044
5 0.29589371980676327 0.25281803542673104 0.142512077294686 0.18572195383789583
5 0.29871175523349436 0.4369296833064949 0.1465378421900161 0.17820719269994634
5 0.21779371326909205 0.26033322225858124 0.05716574241558055 0.18786886604528527
5 0.1900158399358563 0.43961477412384936 0.15781021101426052 0.1878688660452852
1 0.29468599449274935 0.6382179403762923 0.15136876837358254 0.26731081365650333
0 0.6211755233494364 0.6478797638217928 0.179549114331723 0.20933977455716588
2 0.6022544283413849 0.2834138486312399 0.1545893719806763 0.25764895330112725
2 0.4380032206119162 0.4009661835748792 0.22061191626409019 0.1857219538378959
1 0.4376005818036065 0.23993558776167428 0.2020935223831258 0.16854535695115408
1 0.6272141706924315 0.5206655931293613 0.1755233494363929 0.1331186258722491
1 0.6147343064412165 0.3123993558776168 0.1521739268920958 0.30273752012882443
3 0.4408212657326792 0.6269457912873929 0.14573270859901388 0.2812667838630305
5 0.5241544882770754 0.6001067656331882 0.05958125120780085 0.21470757427455836
