5 0.2286634460547505 0.324745071799838 0.23349436392914644 0.2801931628952241
5 0.36433172302737515 0.29629629629629634 0.15217391304347824 0.19108964036500273
5 0.2254428244444542 0.5952764284741707 0.2109500999033617 0.2737519981184974
0 0.38123993558776165 0.573268921095008 0.12479871175523354 0.3671497584541063
1 0.5100644122383252 0.6774020249569302 0.179549114331723 0.1545893424527754
1 0.5036231717874569 0.5362319160465298 0.1634460215137223 0.15995699453066486
2 0.5100644122383248 0.321524415591723 0.15539452495974224 0.18572196860184584
2 0.6553945374234975 0.2544283684521051 0.16264092669884808 0.17176599347400187
2 0.6610305958132046 0.391304347826087 0.16747181964573266 0.1449275362318841
2 0.64170692431562 0.5303274288781537 0.14009661835748802 0.24906065485775636
0 0.6646537842190017 0.5738056897477187 0.12318840579710141 0.24369296833064943
3 0.6763285024154589 0.5823939881910897 0.13365539452495967 0.25228126677402046
