5 0.21417069243156198 0.2877079978529254 0.21578099838969408 0.22758990874932905
5 0.2149758647986919 0.6172839604599178 0.20128820599037778 0.23188403828574772
5 0.2725447279544573 0.4535695730569856 0.20048321088554646 0.1599569945306651
5 0.4025764770692558 0.31025229110940744 0.21900163523346886 0.2984433512218717
5 0.2838164015781238 0.5668276972624795 0.07004826209344599 0.10520665593129357
2 0.6811594202898551 0.6650563607085346 0.15942028985507256 0.14278046162104133
2 0.6964573268921095 0.31937734836285564 0.14170692431561996 0.26945786366076224
2 0.5684379547504524 0.32259807593006357 0.1320451411915721 0.25442831677827915
2 0.39613528924313207 0.5823939881910892 0.18196462035421918 0.2737520128824473
2 0.44162642286633047 0.5775630530920843 0.1425121049919201 0.2576489188519093
3 0.5531400924637722 0.5904455056784582 0.11916264921094136 0.2383252571969589
1 0.6876006441223832 0.5308641975308642 0.16425120772946855 0.15136876006441227
1 0.683574721352818 0.3548041704861207 0.12399357539450824 0.21363397791333558
